1 -1.79290515482211e-05
2 -1.6673649117203444e-05
3 -1.541824668618579e-05
4 -1.4162844255168131e-05
5 -1.2907441824150476e-05
6 -1.1652039393132819e-05
7 -1.0396636962115163e-05
8 -9.141234531097508e-06
9 -7.885832100079852e-06
10 -6.630429669062196e-06
11 -5.37502723804454e-06
12 -4.119624807026884e-06
13 -2.864222376009228e-06
14 -1.6088199449915718e-06
15 -3.534175139739158e-07
16 9.019849170437402e-07
17 2.1573873480613965e-06
18 3.412789779079052e-06
19 4.668192210096708e-06
20 5.923594641114364e-06
21 7.17899707213202e-06
22 8.434399503149675e-06
23 9.689801934167333e-06
24 1.094520436518499e-05
25 1.2200606796202645e-05
26 1.34560092272203e-05
27 1.537831603229527e-05
28 1.750487504805844e-05
29 1.9835686274509804e-05
30 2.2370749711649364e-05
31 2.5110065359477127e-05
32 2.8053633217993083e-05
33 3.1201453287197235e-05
34 3.4553525567089584e-05
35 3.810985005767013e-05
36 4.187042675893887e-05
37 4.583525567089581e-05
38 5.000433679354094e-05
39 5.4377670126874284e-05
40 5.895525567089581e-05
41 6.373709342560554e-05
42 6.872318339100346e-05
43 7.391352556708959e-05
44 7.93081199538639e-05
45 8.490696655132642e-05
46 9.071006535947713e-05
47 9.671741637831604e-05
48 .00010292901960784314
49 .00010934487504805846
50 .00011596498269896193
51 .00012278934256055365
52 .0001298179546328335
53 .00013705081891580162
54 .0001444879354094579
55 .0001521293041138024
56 .00015997492502883506
57 .00016802479815455595
58 .00017627892349096502
59 .0001846892425990004
60 .00019325575547866206
61 .00020197846212995
62 .00021085736255286428
63 .00021977231833910033
64 .00022872332948865824
65 .00023771039600153788
66 .00024673351787773935
67 .0002557926951172626
68 .00026488792772010766
69 .0002740192156862745
70 .0002831865590157632
71 .00029226980392156864
72 .0003012689504036909
73 .00031018399846213
74 .00031901494809688584
75 .0003277617993079585
76 .000336424552095348
77 .0003450032064590542
78 .0003534977623990773
79 .0003617880661284122
80 .00036987411764705883
81 .00037775591695501736
82 .0003854334640522876
83 .00039290675893886964
84 .00040017580161476356
85 .00040724059207996926
86 .0004141011303344868
87 .00042075741637831606
88 .00042720945021145715
89 .00043345723183391003
90 .0004395007612456748
91 .0004453400384467513
92 .00045097506343713955
93 .0004564058362168397
94 .00046163235678585164
95 .0004666546251441753
96 .00047147264129181085
97 .00047602632833525574
98 .00048031568627450986
99 .00048440079200307576
100 .0004882816455209534
101 .000491958246828143
102 .0004954305959246444
103 .0004986986928104576
104 .0005017625374855825
105 .0005046221299500192
106 .0005072774702037678
107 .0005097285582468282
108 .0005119753940792003
109 .0005140179777008843
110 .000515880338331411
111 .0005175624759707805
112 .0005190643906189927
113 .0005203860822760477
114 .0005215876201460977
115 .0005226690042291427
116 .0005236302345251827
117 .0005244713110342177
118 .0005251922337562476
119 .0005257930026912726
120 .0005257930026912726
121 .0005257930026912726
122 .0005257930026912726
123 .0005257930026912726
124 .0005257930026912726
125 .0005257930026912726
126 .0005257930026912726
127 .0005257930026912726
128 .0005257930026912726
129 .0005257930026912726
130 .0005257930026912726
131 .0005257930026912726
132 .0005257930026912726
133 .0005257930026912726
134 .0005257930026912726
135 .0005257930026912726
136 .0005257930026912726
137 .0005257930026912726
138 .0005253724644367551
139 .0005248918492887351
140 .0005243511572472126
141 .0005237503883121877
142 .0005230895424836601
143 .0005224286966551327
144 .0005217678508266052
145 .0005211070049980776
146 .0005204461591695502
147 .0005197853133410227
148 .0005192446212995002
149 .0005188240830449828
150 .0005184035447904652
151 .0005179830065359477
152 .0005175624682814303
153 .0005171419300269127
154 .0005167213917723953
155 .0005163008535178777
156 .0005158803152633603
157 .0005154597770088428
158 .0005150392387543252
159 .0005146187004998078
160 .0005141981622452902
161 .0005137776239907728
162 .0005133570857362553
163 .0005129365474817379
164 .0005125160092272203
165 .0005120954709727027
166 .0005116749327181853
167 .0005112543944636678
168 .0005108338562091504
169 .0005104133179546328
170 .0005099927797001154
171 .0005095722414455978
172 .0005091517031910803
173 .0005087311649365629
174 .0005083106266820453
175 .0005078900884275279
176 .0005074695501730104
177 .000507049011918493
178 .000507049011918493
179 .000507049011918493
180 .000507049011918493
181 .000507049011918493
182 .000507049011918493
183 .000507049011918493
184 .000507049011918493
185 .000507049011918493
186 .000507049011918493
187 .000507049011918493
188 .000507049011918493
189 .000507049011918493
190 .000507049011918493
191 .000507049011918493
192 .000507049011918493
193 .000507049011918493
194 .000507049011918493
195 .000507049011918493
196 .0005077098577470204
197 .0005083707035755479
198 .0005090315494040754
199 .0005096323183391003
200 .0005101730103806228
201 .0005107137024221453
202 .0005112543944636678
203 .0005117950865051903
204 .0005123357785467128
205 .0005128764705882353
206 .0005134171626297578
207 .0005139578546712803
208 .0005144985467128028
209 .0005150392387543252
210 .0005155799307958477
211 .0005161206228373702
212 .0005166613148788928
213 .0005172020069204152
214 .0005177426989619378
215 .0005182833910034602
216 .0005188240830449828
217 .0005193647750865052
218 .0005199054671280278
219 .0005204461591695502
220 .0005209868512110727
221 .0005215275432525952
222 .0005220682352941177
223 .0005226089273356402
224 .0005231496193771627
225 .0005236903114186852
226 .0005242310034602076
227 .0005247716955017301
228 .0005253123875432526
229 .0005258530795847751
230 .0005263937716262976
231 .0005269344636678201
232 .0005274751557093426
233 .0005280158477508651
234 .0005285565397923876
235 .0005290972318339101
236 .0005295778469819301
237 .0005299983852364475
238 .0005303588465974626
239 .000530659231064975
240 .000530899538638985
241 .0005310797693194925
242 .0005311999231064975
243 .00053126
244 .00053126
245 .00053126
246 .00053126
247 .00053126
248 .00053126
249 .00053126
250 .00053126
251 .00053126
252 .00053126
253 .00053126
254 .00053126
255 .00053126
256 .00053126
257 .00053126
258 .00053126
259 .00053126
260 .00053126
261 .00053126
262 .00053126
263 .00053126
264 .00053126
265 .00053126
266 .00053126
267 .00053126
268 .00053126
269 .00053126
270 .00053126
271 .00053126
272 .00053126
273 .00053126
274 .00053126
275 .00053126
276 .00053126
277 .00053126
278 .00053126
279 .00053126
280 .00053126
281 .00053126
282 .00053126
283 .00053126
284 .00053126
285 .00053126
286 .00053126
287 .00053126
288 .00053126
289 .00053126
290 .00053126
291 .00053126
292 .00053126
293 .00053126
294 .0005313200692041522
295 .0005314402076124567
296 .0005316204152249136
297 .0005318606920415225
298 .0005321610380622838
299 .0005325214532871973
300 .000532941937716263
301 .000533422491349481
302 .0005339631141868512
303 .0005345638062283737
304 .0005352245674740484
305 .0005359453979238755
306 .0005367262975778547
307 .000537507197231834
308 .0005382880968858131
309 .0005390689965397924
310 .0005398498961937717
311 .0005406307958477508
312 .0005414717647058824
313 .0005423728027681661
314 .0005433339100346022
315 .0005443550865051903
316 .0005454363321799308
317 .0005465776470588235
318 .0005477790311418686
319 .0005490404844290658
320 .0005503620069204152
321 .000551743598615917
322 .000553185259515571
323 .0005546869896193772
324 .0005562487889273356
325 .0005578706574394463
326 .0005595525951557094
327 .0005612946020761246
328 .000563096678200692
329 .0005648987543252596
330 .0005667608996539793
331 .0005686831141868512
332 .0005706653979238754
333 .0005726476816608997
334 .0005746900346020762
335 .0005767323875432526
336 .0005787747404844291
337 .0005808170934256055
338 .0005828594463667821
339 .0005849017993079586
340 .000586944152249135
341 .0005890465743944637
342 .0005912090657439447
343 .0005934316262975779
344 .0005957142560553633
345 .0005979368166089965
346 .0006000993079584776
347 .0006022017301038062
348 .0006042440830449828
349 .000606226366782007
350 .0006081485813148789
351 .0006100107266435986
352 .0006118128027681662
353 .0006135548096885814
354 .0006152367474048444
355 .000616858615916955
356 .0006184204152249135
357 .0006199221453287197
358 .0006214839446366783
359 .000623105813148789
360 .0006247877508650519
361 .0006265297577854672
362 .0006283318339100347
363 .0006300738408304498
364 .0006317557785467129
365 .0006333776470588236
366 .000634939446366782
367 .0006364411764705883
368 .0006378828373702423
369 .000639264429065744
370 .0006405859515570935
371 .0006418474048442908
372 .0006430487889273357
373 .0006441901038062284
374 .0006452713494809689
375 .0006462925259515571
376 .0006472536332179931
377 .0006481546712802769
378 .0006489956401384084
379 .0006497765397923876
380 .0006506175086505191
381 .0006513984083044984
382 .0006521192387543254
383 .0006527800000000002
384 .0006535008304498271
385 .0006541615916955017
386 .0006548824221453288
387 .000655663321799308
388 .0006565042906574396
389 .0006574654056132258
390 .0006584865897731642
391 .000659567843137255
392 .0006605890272971934
393 .0006616102191464822
394 .0006626314186851211
395 .0006636526259131104
396 .0006647339100346022
397 .0006658752710495964
398 .000667076708958093
399 .0006683382237600923
400 .0006696598154555941
401 .0006710414840445983
402 .000672483229527105
403 .0006739850519031143
404 .000675546951172626
405 .0006771689273356402
406 .0006788509803921569
407 .0006805931103421762
408 .0006823953171856979
409 .0006841975317185699
410 .0006859396770472896
411 .000687621753171857
412 .0006893038369857748
413 .0006909859284890428
414 .0006927280968858133
415 .0006945303421760862
416 .0006963926643598616
417 .0006983150634371396
418 .0007002975394079201
419 .0007023400922722031
420 .0007044427220299885
421 .0007066054286812766
422 .000708828212226067
423 .00071111107266436
424 .0007134540099961554
425 .0007158570242214534
426 .0007183201153402538
427 .0007208432833525568
428 .0007234265282583622
429 .0007260698500576702
430 .0007287732487504807
431 .0007314766551326414
432 .0007342401384083046
433 .0007370636985774702
434 .0007399473356401384
435 .000742830980392157
436 .0007457747020376779
437 .0007487785005767014
438 .0007518423760092273
439 .0007549663283352557
440 .0007580302037677817
441 .0007611541560938101
442 .0007643381853133412
443 .0007676423606305269
444 .0007709465282583623
445 .0007742506881968475
446 .0007775548404459824
447 .0007808589850057671
448 .0007841631218762016
449 .0007874672510572858
450 .0007907713725490197
451 .0007940754863514034
452 .0007973795924644369
453 .0008006836908881201
454 .000803987781622453
455 .0008072918646674358
456 .0008105959400230682
457 .0008139000076893503
458 .0008172040676662824
459 .0008205081199538641
460 .0008238121645520954
461 .0008272363552479816
462 .0008307806920415227
463 .0008343250211457132
464 .0008378693425605538
465 .000841413656286044
466 .0008449579623221839
467 .0008485022606689736
468 .000852046551326413
469 .0008555908342945022
470 .0008591351095732411
471 .0008626793771626299
472 .0008662837139561709
473 .0008699481199538641
474 .0008736725951557095
475 .0008774571395617071
476 .0008813017531718572
477 .0008852064359861592
478 .0008891711880046137
479 .0008931960092272204
480 .0008972808996539793
481 .0009014258592848905
482 .0009056308881199539
483 .0009098959861591697
484 .0009142211534025376
485 .0009186063898500578
486 .0009230516955017302
487 .0009275570703575548
488 .0009320023760092274
489 .0009363876124567475
490 .0009407127797001155
491 .0009450379546328336
492 .0009493030603613996
493 .0009535080968858133
494 .0009576530642060746
495 .0009617980392156864
496 .0009659430219146483
497 .0009700880123029605
498 .000974233010380623
499 .0009783780161476355
500 .0009825230296039986
501 .0009866680507497117
502 .000990813079584775
503 .0009949581161091889
504 .0009991031603229527
505 .001003248212226067
506 .0010074533410226836
507 .0010117185467128028
508 .0010160438292964246
509 .0010204291887735487
510 .0010248746251441754
511 .0010293801384083047
512 .001033945720876586
513 .0010385713725490197
514 .001043317170319108
515 .0010481831141868514
516 .0010531692041522492
517 .001058275440215302
518 .0010635018223760092
519 .0010688483506343714
520 .0010743150249903884
521 .0010799018454440601
522 .0010856088119953866
523 .0010913758477508653
524 .001097202952710496
525 .0011030901268742792
526 .0011090373702422147
527 .0011150446828143022
528 .0011211120645905422
529 .0011272995847750867
530 .0011336072433679354
531 .001140035040369089
532 .0011465829757785469
533 .0011532510495963094
534 .0011600392618223761
535 .0011669476124567474
536 .0011739761014994234
537 .0011811247289504037
538 .0011883934948096887
539 .0011958424682814303
540 .0012034716493656288
541 .0012112810380622838
542 .0012192706343713959
543 .0012274404382929644
544 .0012357904498269897
545 .0012443807458669743
546 .0012532113264129181
547 .0012622821914648212
548 .0012715933410226837
549 .0012812048442906575
550 .001291116701268743
551 .0013013289119569397
552 .001311841476355248
553 .0013226543944636678
554 .0013338277431757016
555 .0013453615224913494
556 .0013572557324106115
557 .0013693902345251828
558 .0013817650288350635
559 .0013943801153402538
560 .0014072955632449058
561 .0014205113725490198
562 .0014340275432525953
563 .001447723936947328
564 .001461600553633218
565 .001475717470203768
566 .0014900746866589774
567 .0015046722029988468
568 .0015195100192233757
569 .001534648204536717
570 .0015500867589388696
571 .0015658256824298347
572 .0015818649750096118
573 .001598264713571703
574 .0016149648212226068
575 .0016319652979623223
576 .001649326212995002
577 .0016670475663206463
578 .0016851293579392542
579 .0017035715878508267
580 .0017223141945405614
581 .0017414172472126107
582 .001760940822760477
583 .00178088492118416
584 .0018013696885813152
585 .0018223951249519417
586 .0018440212995001924
587 .001866548581314879
588 .001890037039600154
589 .0019146668973471744
590 .0019405583006535951
591 .001967891472510573
592 .0019968466282199154
593 .0020277241368704345
594 .0020607642906574396
595 .0020961473048827376
596 .0021338731718569784
597 .0021743023298731257
598 .0022176150019223378
599 .0022639914033064207
600 .00231355168781238
601 .00236641600153787
602 .002422824636678201
603 .002482897739331027
604 .002546815532487505
605 .002614517931564783
606 .0026861250826605153
607 .002761937354863514
608 .0028421950326797387
609 .0029272585544021534
610 .0030173682122260673
611 .003112644159938485
612 .0032134468358323725
613 .0033201366782006922
614 .003433074125336409
615 .00355267968473664
616 .003679133564013841
617 .003812856278354479
618 .003954268335255671
619 .004103670103806229
620 .004261061591695502
621 .004426863306420608
622 .004601255470972703
623 .004784238085351789
624 .004975690995770858
625 .005175674279123414
626 .005384187935409459
627 .0056011118262206845
628 .005826445951557094
629 .006060190311418685
630 .006302284828911957
631 .006552609350249905
632 .00681098366013072
633 .007076987243367937
634 .007350499953863898
635 .007631101276432142
636 .007918550918877356
637 .008212668673587083
638 .008512673579392541
639 .00881820520569012
640 .009128722891195694
641 .009443806120722799
642 .009762914232987313
643 .010085506574394464
644 .010410862260668974
645 .010738320492118418
646 .011067460768935026
647 .011398102875816996
648 .011729345713187237
649 .012060768765859285
650 .012392011603229528
651 .012722593633217994
652 .013052274563629375
653 .01338057381007305
654 .013707251080353712
655 .014031945928489043
656 .014354598292964246
657 .014674967881584008
658 .014992453956170704
659 .015306696086120725
660 .01561709354094579
661 .01592316573625529
662 .01622449215686275
663 .01652035192618224
664 .016810024167627835
665 .017092908143021914
666 .017368162837370242
667 .0176352476047674
668 .017893201268742793
669 .018141062668204536
670 .01837823106497501
671 .018604346020761248
672 .01881850644367551
673 .019020291818531335
674 .01920964206843522
675 .019386557201076512
676 .01955103721645521
677 .019703022037677816
678 .019842571733948485
679 .019969626236063055
680 .020084065397923876
681 .020130623044982702
682 .020130623044982702
683 .020130623044982702
684 .020130623044982702
685 .020130623044982702
686 .020130623044982702
687 .020130623044982702
688 .020130623044982702
689 .020130623044982702
690 .020130623044982702
691 .020130623044982702
692 .020130623044982702
693 .020130623044982702
694 .020130623044982702
695 .020130623044982702
696 .020130623044982702
697 .020130623044982702
698 .020130623044982702
699 .020037810280661286
700 .019937007797001156
701 .01982827566320646
702 .019711854179161863
703 .019587803421760863
704 .019456363683198773
705 .01931753496347559
706 .01917149748558247
707 .019018311318723568
708 .01885803653210304
709 .018690913425605537
710 .018517122214532875
711 .018336662898885046
712 .018149775770857364
713 .01795670112264514
714 .01775773931564783
715 .017553190711264897
716 .01734329560938101
717 .01712841444059977
718 .016908847566320648
719 .016685195724721262
720 .01645805963860054
721 .01622773967704729
722 .015994716416762783
723 .015759530519031142
724 .015522422276047675
725 .015283451764705884
726 .015042739123414072
727 .014800284352172243
728 .014556207604767397
729 .01431050888119954
730 .014063188173779316
731 .01381448577470204
732 .013564581899269514
733 .013313897062668206
734 .013062611480199925
735 .01281102552864283
736 .012559679869281047
737 .012308995001922339
738 .012059151141868514
739 .011810568804306037
740 .011563308058439062
741 .011317669281045752
742 .011073712549019609
743 .010831497931564784
744 .010591445936178393
745 .010353616632064591
746 .010118490611303346
747 .009886067873894656
748 .009656408489042676
749 .00942987290272972
750 .009206401030372935
751 .008986052956555171
752 .008769068973471742
753 .008555629296424453
754 .008345793994617457
755 .00813956306805075
756 .007937176808919647
757 .007738635217224146
758 .007543938292964245
759 .007353206189926952
760 .00716655904652057
761 .006983996862745099
762 .006805820000000001
763 .006632028458285276
764 .006462622237600924
765 .006297721491733949
766 .006137446374471357
767 .005981917024221454
768 .0058312535947712425
769 .005685396016916571
770 .0055443442829680905
771 .005408098400615149
772 .005276658369857748
773 .00514984397539408
774 .005027595140330642
775 .0049099719338715885
776 .00479703443291042
777 .004688722568242984
778 .004584976262975779
779 .004485735440215303
780 .004391000099961554
781 .00430095046520569
782 .004215466389850058
783 .004134367658592849
784 .004057413979238755
785 .00398448520569012
786 .003915280968858132
787 .003849560968858132
788 .0037870248442906577
789 .003727552456747405
790 .003670903514033065
791 .003616897793156479
792 .0035653550634371397
793 .003516155178777394
794 .0034691179238754326
795 .0034239429373317956
796 .003380510073048828
797 .0033385189619377165
798 .003297969611687813
799 .0032588019530949636
800 .0032208357631680123
801 .003184010972702807
802 .003148267504805844
803 .00311348521337947
804 .003079483875432526
805 .003046323560169166
806 .0030140643444828918
807 .002982526005382545
808 .0029517686197616305
809 .0029217921876201463
810 .002892536632064591
811 .002863881806997309
812 .002835827712418301
813 .0028083743560169167
814 .0027815217377931568
815 .002755269857747021
816 .002729558638985006
817 .0027043280046136105
818 .0026795178854286815
819 .0026550682045367166
820 .002631099100346021
821 .0026075505036524415
822 .002584362337562476
823 .002561534602076125
824 .0025390672971933874
825 .0025170049101443156
826 .0024952847488461053
827 .0024737853958752094
828 .002452505736051448
829 .002431563389340204
830 .002410956491105731
831 .0023906837075086964
832 .002370623179471816
833 .0023507731940154626
834 .0023312499464283477
835 .00231199532270819
836 .0022930079132835197
837 .00227428828023859
838 .0022557752481294287
839 .002237467710716218
840 .002219305698269885
841 .0022012895454681584
842 .0021835345880940344
843 .002165980948848235
844 .0021486275303936172
845 .0021315886903035823
846 .002114864553624425
847 .0020984537286471293
848 .002082353003789262
849 .0020665007587921855
850 .0020508974218203
851 .0020355436487842597
852 .0020204381996505793
853 .002005579834385773
854 .0019909673129563554
855 .001976710283525306
856 .00196274926557284
857 .001948972282525125
858 .0019354882375312067
859 .0019221830978152215
860 .0019090556233436844
861 .0018961045740831098
862 .0018834403874325974
863 .0018710613772347441
864 .0018589088139492707
865 .0018469780537459148
866 .0018352674104672746
867 .0018237784585624845
868 .0018125096635302604
869 .001801456078169865
870 .001790616016304483
871 .0017799277225531464
872 .0017693931509517892
873 .0017590107669991268
874 .0017487339095778203
875 .0017385762400723788
876 .001728492819424466
877 .0017184858186844504
878 .0017086599127756098
879 .001699015094852573
880 .0016894926998179067
881 .0016800934702818047
882 .0016708176180580485
883 .0016616657341007137
884 .0016526384093638769
885 .001643678395737425
886 .0016348837958923665
887 .0016262542270915586
888 .0016177873349421386
889 .0016094824333753137
890 .0016013388363222917
891 .001593354644310031
892 .0015855277303521926
893 .0015778010432506706
894 .0015701725987919807
895 .001562641702004654
896 .0015551522722108313
897 .0015476649727081341
898 .0015401800730942368
899 .001532699662840229
900 .0015252241631999025
901 .0015177520238975153
902 .0015102814669110687
903 .0015028126101627058
904 .0014953455715745695
905 .0014878804690688016
906 .0014803322014008934
907 .0014726997280581934
908 .0014650344968927468
909 .0014572872298207274
910 .0014495114308962108
911 .0014417078883243986
912 .0014338773903104923
913 .0014259691245206106
914 .001417984325283872
915 .00140992119341877
916 .0014017839209272817
917 .001393573742138526
918 .0013852886307750831
919 .001376929669509954
920 .0013685013537155914
921 .0013600049177405265
922 .0013514415959332915
923 .0013427802756466821
924 .0013340227097509672
925 .0013252438143181871
926 .0013164294761355488
927 .0013075796952030521
928 .0012986944715206972
929 .0012897300188669657
930 .0012806870074391255
931 .0012715400781089915
932 .0012622905713568912
933 .0012529398276631513
934 .0012434641668100884
935 .0012338655994752975
936 .001224146136336374
937 .0012142666773766351
938 .0012042299035567347
939 .0011940384958373266
940 .001183672122127377
941 .0011731341336705988
942 .0011624278817107048
943 .001151556717491408
944 .0011405023197708507
945 .001129268710075805
946 .0011178599099330422
947 .001106300607930317
948 .0010946315720564933
949 .0010828554834438073
950 .0010709678562716286
951 .001058971616000131
952 .001046869688089489
953 .0010346649979998766
954 .0010223604711914677
955 .0010099590331244367
956 .0009974636092589578
957 .0009849115329188941
958 .0009723050592813608
959 .0009596464435234731
960 .0009469379408223467
961 .0009341818063550963
962 .0009213802952988373
963 .0009085356628306852
964 .000895650164127755
965 .0008827260543671619
966 .0008697655887260214
967 .0008567710223814485
968 .0008437446105105587
969 .0008306886082904669
970 .0008176052708982886
971 .0008044968535111391
972 .0007913656113061334
973 .0007782137994603869
974 .0007650723799340002
975 .0007515002497900581
976 .000737928119646116
977 .000724355989502174
978 .000710783859358232
979 .00069721172921429
980 .0006836395990703479
981 .0006700674689264058
982 .0006564953387824638
983 .0006429232086385217
984 .0006293510784945797
985 .0006157789483506376
986 .0006022068182066956
987 .0005886346880627536
988 .0005750625579188115
989 .0005614904277748694
990 .0005479182976309274
991 .0005343461674869853
992 .0005207740373430433
993 .0005072019071991012
994 .0004936297770551591
995 .0004800576469112171
996 .00046648551676727507
997 .000452913386623333
998 .00043934125647939094
999 .0004257691263354489
